                                        mean         std    max    min  count
Event   Division Rank band Class                                             
AGBNI11 B        1-5       M             NaN         NaN    NaN    NaN      0
                           W             NaN         NaN    NaN    NaN      0
                 6-10      M             NaN         NaN    NaN    NaN      0
                           W             NaN         NaN    NaN    NaN      0
                 11-20     M             NaN         NaN    NaN    NaN      0
                           W             NaN         NaN    NaN    NaN      0
                 21-50     M             NaN         NaN    NaN    NaN      0
                           W             NaN         NaN    NaN    NaN      0
                 >50       M             NaN         NaN    NaN    NaN      0
                           W             NaN         NaN    NaN    NaN      0
        C        1-5       M      587.400000    2.880972  592.0  585.0      5
                           W      572.200000    1.923538  575.0  570.0      5
                 6-10      M      581.800000    1.303840  583.0  580.0      5
                           W      567.800000    1.303840  569.0  566.0      5
                 11-20     M      574.818182    2.400757  579.0  572.0     11
                           W      558.700000    4.547282  565.0  551.0     10
                 21-50     M      565.241379    4.188890  571.0  558.0     29
                           W      535.954545   16.087491  551.0  487.0     22
                 >50       M      538.382353   20.560354  558.0  489.0     34
                           W             NaN         NaN    NaN    NaN      0
        L        1-5       M             NaN         NaN    NaN    NaN      0
                           W             NaN         NaN    NaN    NaN      0
                 6-10      M             NaN         NaN    NaN    NaN      0
                           W             NaN         NaN    NaN    NaN      0
                 11-20     M             NaN         NaN    NaN    NaN      0
                           W             NaN         NaN    NaN    NaN      0
                 21-50     M             NaN         NaN    NaN    NaN      0
                           W             NaN         NaN    NaN    NaN      0
                 >50       M             NaN         NaN    NaN    NaN      0
                           W             NaN         NaN    NaN    NaN      0
        R        1-5       M      570.000000    2.121320  573.0  567.0      5
                           W      555.000000   11.510864  574.0  545.0      5
                 6-10      M      561.600000    1.140175  563.0  560.0      5
                           W      536.600000    6.804410  544.0  531.0      5
                 11-20     M      555.100000    3.281260  559.0  550.0     10
                           W      528.200000    1.751190  530.0  525.0     10
                 21-50     M      538.900000    7.193627  549.0  528.0     30
                           W      458.600000   43.107404  525.0  371.0     30
                 >50       M      460.118644   75.894002  528.0  194.0     59
                           W      284.000000  101.148406  363.0  170.0      3
AGBNI14 B        1-5       M             NaN         NaN    NaN    NaN      0
                           W             NaN         NaN    NaN    NaN      0
                 6-10      M             NaN         NaN    NaN    NaN      0
                           W             NaN         NaN    NaN    NaN      0
                 11-20     M             NaN         NaN    NaN    NaN      0
                           W             NaN         NaN    NaN    NaN      0
                 21-50     M             NaN         NaN    NaN    NaN      0
                           W             NaN         NaN    NaN    NaN      0
                 >50       M             NaN         NaN    NaN    NaN      0
                           W             NaN         NaN    NaN    NaN      0
        C        1-5       M      581.166667    3.060501  587.0  579.0      6
                           W      570.600000    1.949359  574.0  569.0      5
                 6-10      M      576.400000    0.547723  577.0  576.0      5
                           W      565.600000    1.949359  567.0  563.0      5
                 11-20     M      573.500000    0.925820  575.0  572.0      8
                           W      558.500000    2.677063  562.0  554.0     10
                 21-50     M      565.870968    3.739358  571.0  560.0     31
                           W      544.366667    7.246799  554.0  532.0     30
                 >50       M      534.918033   49.575295  560.0  215.0     61
                           W      506.222222   22.325869  524.0  462.0      9
        L        1-5       M      388.800000   36.203591  438.0  355.0      5
                           W      329.200000   18.294808  347.0  303.0      5
                 6-10      M      319.200000   25.351529  352.0  289.0      5
                           W      258.000000         NaN  258.0  258.0      1
                 11-20     M      248.000000   37.478883  286.0  197.0      4
                           W             NaN         NaN    NaN    NaN      0
                 21-50     M             NaN         NaN    NaN    NaN      0
                           W             NaN         NaN    NaN    NaN      0
                 >50       M             NaN         NaN    NaN    NaN      0
                           W             NaN         NaN    NaN    NaN      0
        R        1-5       M      580.400000    3.286335  584.0  577.0      5
                           W      560.000000   10.862780  578.0  552.0      5
                 6-10      M      572.600000    2.302173  575.0  570.0      5
                           W      549.000000    1.000000  550.0  548.0      5
                 11-20     M      561.000000    4.521553  570.0  556.0     10
                           W      535.600000    6.915361  543.0  522.0     10
                 21-50     M      544.433333    7.219148  555.0  534.0     30
                           W      468.300000   38.560432  514.0  405.0     30
                 >50       M      480.517857   52.149816  533.0  237.0    112
                           W      312.500000   67.770334  400.0  208.0     12
AGBNI15 B        1-5       M             NaN         NaN    NaN    NaN      0
                           W             NaN         NaN    NaN    NaN      0
                 6-10      M             NaN         NaN    NaN    NaN      0
                           W             NaN         NaN    NaN    NaN      0
                 11-20     M             NaN         NaN    NaN    NaN      0
                           W             NaN         NaN    NaN    NaN      0
                 21-50     M             NaN         NaN    NaN    NaN      0
                           W             NaN         NaN    NaN    NaN      0
                 >50       M             NaN         NaN    NaN    NaN      0
                           W             NaN         NaN    NaN    NaN      0
        C        1-5       M      585.750000    1.707825  588.0  584.0      4
                           W      573.600000    2.302173  577.0  571.0      5
                 6-10      M      582.428571    0.534522  583.0  582.0      7
                           W      566.666667    2.065591  570.0  565.0      6
                 11-20     M      576.555556    3.166667  581.0  572.0      9
                           W      561.200000    2.043961  564.0  559.0     10
                 21-50     M      568.387097    2.894563  572.0  563.0     31
                           W      548.275862    9.624732  559.0  520.0     29
                 >50       M      546.156250   17.838089  563.0  481.0     64
                           W      400.000000  169.705627  520.0  280.0      2
        L        1-5       M      411.200000   46.208224  471.0  369.0      5
                           W      319.200000   43.700114  363.0  258.0      5
                 6-10      M      336.600000   27.061042  368.0  299.0      5
                           W       93.000000         NaN   93.0   93.0      1
                 11-20     M      249.666667   41.926921  296.0  197.0      6
                           W             NaN         NaN    NaN    NaN      0
                 21-50     M             NaN         NaN    NaN    NaN      0
                           W             NaN         NaN    NaN    NaN      0
                 >50       M             NaN         NaN    NaN    NaN      0
                           W             NaN         NaN    NaN    NaN      0
        R        1-5       M      575.000000    2.738613  578.0  571.0      5
                           W      565.200000    8.438009  577.0  557.0      5
                 6-10      M      568.000000    1.581139  570.0  566.0      5
                           W      548.400000    7.092249  556.0  541.0      5
                 11-20     M      560.700000    2.983287  566.0  557.0     10
                           W      534.300000    3.400980  539.0  529.0     10
                 21-50     M      548.033333    4.752374  556.0  541.0     30
                           W      514.700000    8.917824  528.0  497.0     30
                 >50       M      482.415094   61.040325  540.0  267.0    106
                           W      416.125000  104.748275  495.0   83.0     24
AGBNI16 B        1-5       M             NaN         NaN    NaN    NaN      0
                           W             NaN         NaN    NaN    NaN      0
                 6-10      M             NaN         NaN    NaN    NaN      0
                           W             NaN         NaN    NaN    NaN      0
                 11-20     M             NaN         NaN    NaN    NaN      0
                           W             NaN         NaN    NaN    NaN      0
                 21-50     M             NaN         NaN    NaN    NaN      0
                           W             NaN         NaN    NaN    NaN      0
                 >50       M             NaN         NaN    NaN    NaN      0
                           W             NaN         NaN    NaN    NaN      0
        C        1-5       M      587.666667    1.861899  590.0  586.0      6
                           W      579.200000    3.834058  584.0  575.0      5
                 6-10      M      584.500000    0.577350  585.0  584.0      4
                           W      568.800000    1.303840  570.0  567.0      5
                 11-20     M      580.272727    1.678744  583.0  578.0     11
                           W      563.454545    2.114882  566.0  561.0     11
                 21-50     M      571.758621    2.911249  577.0  567.0     29
                           W      552.724138    5.649883  560.0  541.0     29
                 >50       M      550.545455   14.106254  567.0  498.0     88
                           W      474.200000  157.819728  540.0   28.0     10
        L        1-5       M      420.800000   13.065221  443.0  411.0      5
                           W      383.400000   57.260807  455.0  307.0      5
                 6-10      M      382.000000   19.403608  403.0  354.0      5
                           W      237.000000   67.893299  305.0  143.0      5
                 11-20     M      266.333333   62.187217  347.0  162.0      9
                           W      108.000000   32.526912  131.0   85.0      2
                 21-50     M             NaN         NaN    NaN    NaN      0
                           W             NaN         NaN    NaN    NaN      0
                 >50       M             NaN         NaN    NaN    NaN      0
                           W             NaN         NaN    NaN    NaN      0
        R        1-5       M      579.200000    1.095445  581.0  578.0      5
                           W      572.800000    9.230385  589.0  566.0      5
                 6-10      M      573.333333    0.516398  574.0  573.0      6
                           W      554.800000    4.969909  563.0  551.0      5
                 11-20     M      569.888889    2.571208  573.0  567.0      9
                           W      544.500000    4.836206  550.0  537.0     10
                 21-50     M      555.533333    5.847094  566.0  546.0     30
                           W      520.900000    9.527999  536.0  508.0     30
                 >50       M      485.409091   70.733232  546.0   84.0    132
                           W      406.228070  129.230831  507.0   10.0     57
AGBNI17 B        1-5       M             NaN         NaN    NaN    NaN      0
                           W             NaN         NaN    NaN    NaN      0
                 6-10      M             NaN         NaN    NaN    NaN      0
                           W             NaN         NaN    NaN    NaN      0
                 11-20     M             NaN         NaN    NaN    NaN      0
                           W             NaN         NaN    NaN    NaN      0
                 21-50     M             NaN         NaN    NaN    NaN      0
                           W             NaN         NaN    NaN    NaN      0
                 >50       M             NaN         NaN    NaN    NaN      0
                           W             NaN         NaN    NaN    NaN      0
        C        1-5       M      588.400000    1.341641  590.0  587.0      5
                           W      573.800000    2.387467  577.0  571.0      5
                 6-10      M      583.600000    1.673320  585.0  581.0      5
                           W      569.000000    1.000000  570.0  568.0      5
                 11-20     M      578.272727    1.190874  580.0  577.0     11
                           W      564.700000    1.636392  567.0  562.0     10
                 21-50     M      569.633333    3.134715  576.0  565.0     30
                           W      552.366667    7.078298  562.0  538.0     30
                 >50       M      545.984615   14.702776  565.0  502.0     65
                           W      463.300000  138.342481  538.0   53.0     20
        L        1-5       M      405.000000   11.683321  415.0  387.0      5
                           W      396.600000   48.931585  477.0  343.0      5
                 6-10      M      271.333333   55.000606  356.0  225.0      6
                           W      292.800000   20.717143  317.0  271.0      5
                 11-20     M      115.800000   18.019434  142.0   97.0      5
                           W      131.000000         NaN  131.0  131.0      1
                 21-50     M             NaN         NaN    NaN    NaN      0
                           W             NaN         NaN    NaN    NaN      0
                 >50       M             NaN         NaN    NaN    NaN      0
                           W             NaN         NaN    NaN    NaN      0
        R        1-5       M      579.000000    2.549510  583.0  577.0      5
                           W      566.400000    5.272571  572.0  561.0      5
                 6-10      M      571.800000    1.483240  574.0  570.0      5
                           W      558.600000    1.341641  560.0  557.0      5
                 11-20     M      561.700000    2.869379  565.0  558.0     10
                           W      544.727273    5.587323  553.0  539.0     11
                 21-50     M      547.500000    5.569312  557.0  538.0     30
                           W      518.000000   11.277075  537.0  498.0     30
                 >50       M      472.726190   76.042054  538.0  140.0     84
                           W      437.204082   68.433356  498.0  215.0     49
AGBNI18 B        1-5       M             NaN         NaN    NaN    NaN      0
                           W             NaN         NaN    NaN    NaN      0
                 6-10      M             NaN         NaN    NaN    NaN      0
                           W             NaN         NaN    NaN    NaN      0
                 11-20     M             NaN         NaN    NaN    NaN      0
                           W             NaN         NaN    NaN    NaN      0
                 21-50     M             NaN         NaN    NaN    NaN      0
                           W             NaN         NaN    NaN    NaN      0
                 >50       M             NaN         NaN    NaN    NaN      0
                           W             NaN         NaN    NaN    NaN      0
        C        1-5       M      589.400000    1.516575  591.0  587.0      5
                           W      580.750000    4.349329  585.0  575.0      4
                 6-10      M      585.400000    0.547723  586.0  585.0      5
                           W      573.166667    0.983192  574.0  572.0      6
                 11-20     M      580.666667    2.345208  584.0  577.0      9
                           W      566.700000    2.540779  571.0  563.0     10
                 21-50     M      571.161290    3.587913  577.0  564.0     31
                           W      553.233333    8.653018  563.0  534.0     30
                 >50       M      547.885246   14.704986  564.0  501.0     61
                           W      505.333333   23.398718  526.0  449.0      9
        L        1-5       M      424.200000   28.065994  466.0  389.0      5
                           W      344.800000   81.594730  463.0  278.0      5
                 6-10      M      328.600000   54.491284  382.0  265.0      5
                           W      195.200000   64.192679  272.0   99.0      5
                 11-20     M      188.833333   46.253288  238.0  130.0      6
                           W             NaN         NaN    NaN    NaN      0
                 21-50     M             NaN         NaN    NaN    NaN      0
                           W             NaN         NaN    NaN    NaN      0
                 >50       M             NaN         NaN    NaN    NaN      0
                           W             NaN         NaN    NaN    NaN      0
        R        1-5       M      582.800000    1.483240  585.0  581.0      5
                           W      573.800000    6.942622  584.0  566.0      5
                 6-10      M      574.400000    2.302173  578.0  572.0      5
                           W      559.400000    3.361547  565.0  557.0      5
                 11-20     M      564.200000    3.326660  570.0  560.0     10
                           W      547.000000    4.666667  556.0  543.0     10
                 21-50     M      546.700000    7.134907  559.0  536.0     30
                           W      522.000000   10.184505  543.0  505.0     30
                 >50       M      463.858696   69.291799  535.0  204.0     92
                           W      444.121212   52.406916  505.0  296.0     33
AGBNI19 B        1-5       M             NaN         NaN    NaN    NaN      0
                           W             NaN         NaN    NaN    NaN      0
                 6-10      M             NaN         NaN    NaN    NaN      0
                           W             NaN         NaN    NaN    NaN      0
                 11-20     M             NaN         NaN    NaN    NaN      0
                           W             NaN         NaN    NaN    NaN      0
                 21-50     M             NaN         NaN    NaN    NaN      0
                           W             NaN         NaN    NaN    NaN      0
                 >50       M             NaN         NaN    NaN    NaN      0
                           W             NaN         NaN    NaN    NaN      0
        C        1-5       M      586.200000    2.949576  591.0  584.0      5
                           W      581.200000    5.890671  589.0  576.0      5
                 6-10      M      582.333333    0.516398  583.0  582.0      6
                           W      573.200000    1.303840  575.0  572.0      5
                 11-20     M      576.600000    2.221111  581.0  575.0     10
                           W      567.555556    1.424001  569.0  565.0      9
                 21-50     M      569.066667    3.403176  574.0  564.0     30
                           W      549.548387   11.038837  564.0  530.0     31
                 >50       M      540.288462   33.742588  563.0  372.0     52
                           W      500.333333   51.585528  529.0  396.0      6
        L        1-5       M      382.600000   21.697926  399.0  346.0      5
                           W      346.200000   54.458241  403.0  261.0      5
                 6-10      M      304.400000   21.267346  339.0  283.0      5
                           W      224.600000   17.082154  254.0  211.0      5
                 11-20     M      247.777778   37.715308  283.0  163.0      9
                           W      162.500000   43.123853  196.0  104.0      4
                 21-50     M             NaN         NaN    NaN    NaN      0
                           W             NaN         NaN    NaN    NaN      0
                 >50       M             NaN         NaN    NaN    NaN      0
                           W             NaN         NaN    NaN    NaN      0
        R        1-5       M      579.800000    2.588436  583.0  577.0      5
                           W      576.800000    6.300794  584.0  567.0      5
                 6-10      M      573.400000    2.966479  577.0  570.0      5
                           W      558.800000    4.438468  566.0  555.0      5
                 11-20     M      566.200000    2.485514  569.0  561.0     10
                           W      549.000000    3.800585  553.0  542.0     10
                 21-50     M      551.333333    5.844734  561.0  541.0     30
                           W      515.500000   15.264902  541.0  488.0     30
                 >50       M      468.969388   68.401099  540.0  196.0     98
                           W      397.250000   83.549774  488.0  206.0     28
AGBNI21 B        1-5       M      526.000000   13.341664  540.0  509.0      5
                           W      482.400000   12.136721  496.0  469.0      5
                 6-10      M      479.200000   17.253985  503.0  460.0      5
                           W      440.000000   18.096961  456.0  417.0      5
                 11-20     M      392.000000   54.756025  444.0  300.0     10
                           W      355.666667   36.010415  402.0  304.0      9
                 21-50     M      297.000000         NaN  297.0  297.0      1
                           W             NaN         NaN    NaN    NaN      0
                 >50       M             NaN         NaN    NaN    NaN      0
                           W             NaN         NaN    NaN    NaN      0
        C        1-5       M      590.800000    3.114482  595.0  588.0      5
                           W      584.800000    5.761944  591.0  577.0      5
                 6-10      M      584.000000    1.414214  586.0  582.0      5
                           W      573.000000    1.414214  575.0  572.0      4
                 11-20     M      578.111111    2.758824  581.0  574.0      9
                           W      568.000000    3.255764  571.0  561.0     11
                 21-50     M      565.645161    4.976936  573.0  555.0     31
                           W      527.280000   89.665824  560.0  101.0     25
                 >50       M      533.666667   20.315839  555.0  488.0     21
                           W             NaN         NaN    NaN    NaN      0
        L        1-5       M      383.400000   27.808272  420.0  346.0      5
                           W      355.000000   46.432747  413.0  312.0      5
                 6-10      M      211.600000  103.285042  327.0  107.0      5
                           W      212.666667   67.950963  288.0  156.0      3
                 11-20     M             NaN         NaN    NaN    NaN      0
                           W             NaN         NaN    NaN    NaN      0
                 21-50     M             NaN         NaN    NaN    NaN      0
                           W             NaN         NaN    NaN    NaN      0
                 >50       M             NaN         NaN    NaN    NaN      0
                           W             NaN         NaN    NaN    NaN      0
        R        1-5       M      581.800000    3.114482  585.0  578.0      5
                           W      564.400000    8.706320  577.0  555.0      5
                 6-10      M      573.200000    4.549725  578.0  568.0      5
                           W      552.800000    1.303840  554.0  551.0      5
                 11-20     M      561.100000    4.748099  568.0  554.0     10
                           W      542.400000    5.621388  551.0  536.0     10
                 21-50     M      541.100000    7.729701  553.0  527.0     30
                           W      478.933333   44.569151  532.0  391.0     30
                 >50       M      455.928571   63.494841  526.0  254.0     56
                           W      329.600000   41.818656  381.0  289.0      5