                              mean         std  max  min  count
Event   Division Class                                         
AGBNI11 C        M      557.928571   21.790230  592  489     84
                 W      549.476190   18.984253  575  487     42
        R        M      500.211009   71.281922  573  194    109
                 W      478.301887   72.231355  574  170     53
AGBNI14 C        M      550.711712   40.820536  587  215    111
                 W      544.966102   21.323426  574  462     59
        L        M      323.714286   65.774005  438  197     14
                 W      317.333333   33.356659  347  258      6
        R        M      503.246914   55.702856  584  237    162
                 W      462.903226   90.890442  578  208     62
AGBNI15 C        M      558.113043   19.436250  588  481    115
                 W      549.615385   40.161026  577  280     52
        L        M      327.312500   78.336640  471  197     16
                 W      281.500000  100.277116  363   93      6
        R        M      505.762821   61.007679  578  267    156
                 W      491.067568   80.188875  577   83     74
AGBNI16 C        M      559.971014   17.296446  590  498    138
                 W      545.150000   70.042318  584   28     60
        L        M      337.421053   82.766281  443  162     19
                 W      276.500000  118.450220  455   85     12
        R        M      506.620879   69.596344  581   84    182
                 W      466.028037  114.540135  589   10    107
AGBNI17 C        M      558.612069   18.643461  590  502    116
                 W      531.400000   84.974404  577   53     70
        L        M      264.500000  122.884770  415   97     16
                 W      325.272727   89.300718  477  131     11
        R        M      503.768657   72.768343  583  140    134
                 W      485.800000   69.114749  572  215    100
AGBNI18 C        M      560.603604   18.483545  591  501    111
                 W      552.101695   24.378973  585  449     59
        L        M      306.062500  109.697444  466  130     16
                 W      270.000000  104.914780  463   99     10
        R        M      496.507042   71.734612  585  204    142
                 W      499.421687   57.997712  584  296     83
AGBNI19 C        M      556.873786   29.593216  591  372    103
                 W      552.107143   27.638365  589  396     56
        L        M      298.157895   64.014984  399  163     19
                 W      250.285714   87.147469  403  104     14
        R        M      499.506757   70.514484  583  196    148
                 W      484.051282   84.466838  584  206     78
AGBNI21 B        M      440.142857   76.497899  540  297     21
                 W      411.210526   62.148191  496  304     19
        C        M      560.830986   22.418733  595  488     71
                 W      547.688889   70.324515  591  101     45
        L        M      297.500000  115.254549  420  107     10
                 W      301.625000   89.317951  413  156      8
        R        M      501.424528   67.654859  585  254    106
                 W      491.381818   71.005866  577  289     55