                              mean        std  max  min  count
Event   Division Class                                        
Nimes15 C        M      567.669811  18.000204  600  500    318
                 W      556.214286  30.267280  595  363     98
        R        M      531.101215  54.771011  596  238    247
                 W      524.036496  60.478412  592  193    137
Nimes16 C        M      566.924012  21.812889  599  421    329
                 W      553.745455  57.740393  589   30    110
        R        M      524.221198  58.335452  595  271    217
                 W      524.165138  49.177591  594  294    109
Nimes17 C        M      568.275472  39.350739  598  128    265
                 W      565.087912  17.390705  591  486     91
        R        M      529.235294  62.999135  599  178    170
                 W      520.027027  69.990796  591  253     74
Nimes18 C        M      572.303965  18.919254  598  476    227
                 W      564.228571  18.030027  591  480    105
        R        M      530.414365  64.858475  597  180    181
                 W      518.162500  64.272254  593  253     80
Nimes19 C        M      570.273859  24.473449  598  360    241
                 W      570.400000  14.719763  594  490     85
        R        M      543.817568  51.052599  598  272    148
                 W      536.258824  57.784524  593  259     85
Nimes20 C        M      573.811828  17.529961  599  475    186
                 W      564.172414  42.639704  596  249     87
        R        M      532.604790  65.096773  595   15    167
                 W      528.028169  69.988361  591  176     71
Nimes21 C        M      579.437500  15.229296  597  539     32
                 W      567.933333  17.474335  589  521     15
        R        M      544.825000  52.167328  590  403     40
                 W      547.250000  27.041635  581  462     20
Nimes22 C        M      568.181818  36.648387  597  283    110
                 W      565.090909  20.495965  591  481     44
        R        M      542.433962  46.142433  596  344    106
                 W      513.689655  88.941772  585    7     58