                                        mean         std    max    min  count
Event   Division Rank band Class                                             
Nimes15 C        1-5       M      595.181818    1.940009  600.0  594.0     11
                           W      589.200000    3.346640  595.0  587.0      5
                 6-10      M             NaN         NaN    NaN    NaN      0
                           W      584.428571    1.397276  586.0  583.0      7
                 11-20     M      592.777778    0.440959  593.0  592.0      9
                           W      578.875000    0.991031  580.0  577.0      8
                 21-50     M      588.625000    1.755177  591.0  586.0     32
                           W      568.322581    4.460098  576.0  562.0     31
                 >50       M      563.161654   16.150010  585.0  500.0    266
                           W      536.659574   33.154629  561.0  363.0     47
        R        1-5       M      593.800000    1.788854  596.0  592.0      5
                           W      589.800000    1.483240  592.0  588.0      5
                 6-10      M      588.800000    1.643168  591.0  587.0      5
                           W      581.200000    5.495453  587.0  575.0      5
                 11-20     M      582.500000    1.732051  586.0  581.0     12
                           W      572.727273    1.737292  575.0  571.0     11
                 21-50     M      575.642857    2.697245  581.0  572.0     28
                           W      562.862069    5.276120  571.0  554.0     29
                 >50       M      518.583756   54.552534  572.0  238.0    197
                           W      497.873563   61.869293  553.0  193.0     87
Nimes16 C        1-5       M      595.500000    2.138090  599.0  594.0      8
                           W      588.200000    0.836660  589.0  587.0      5
                 6-10      M      593.000000    0.000000  593.0  593.0      7
                           W      582.666667    1.211060  585.0  582.0      6
                 11-20     M      592.000000    0.000000  592.0  592.0      6
                           W      579.166667    1.749459  581.0  577.0     12
                 21-50     M      588.200000    1.584407  591.0  586.0     30
                           W      570.821429    3.043555  576.0  567.0     28
                 >50       M      562.607914   20.998046  585.0  421.0    278
                           W      534.610169   73.652262  566.0   30.0     59
        R        1-5       M      592.000000    2.121320  595.0  590.0      5
                           W      588.400000    4.722288  594.0  582.0      5
                 6-10      M      585.400000    1.140175  587.0  584.0      5
                           W      577.600000    2.966479  581.0  574.0      5
                 11-20     M      582.700000    1.159502  584.0  581.0     10
                           W      568.700000    2.869379  574.0  565.0     10
                 21-50     M      573.200000    4.020636  580.0  567.0     30
                           W      552.500000    9.772410  564.0  534.0     30
                 >50       M      508.059880   57.197681  566.0  271.0    167
                           W      492.237288   45.344026  534.0  294.0     59
Nimes17 C        1-5       M      596.125000    1.356203  598.0  595.0      8
                           W      589.000000    1.414214  591.0  587.0      5
                 6-10      M      594.166667    0.408248  595.0  594.0      6
                           W      584.000000    1.788854  586.0  582.0      6
                 11-20     M      592.500000    0.547723  593.0  592.0      6
                           W      579.888889    1.054093  581.0  578.0      9
                 21-50     M      588.441176    1.654950  591.0  586.0     34
                           W      572.233333    3.092631  578.0  567.0     30
                 >50       M      562.545024   42.212068  585.0  128.0    211
                           W      550.926829   15.952101  567.0  486.0     41
        R        1-5       M      593.600000    3.507136  599.0  590.0      5
                           W      587.400000    2.509980  591.0  585.0      5
                 6-10      M      586.833333    0.983192  588.0  586.0      6
                           W      579.800000    1.643168  582.0  578.0      5
                 11-20     M      582.111111    1.964971  585.0  580.0      9
                           W      570.000000    5.272571  576.0  561.0     11
                 21-50     M      573.300000    3.896506  580.0  566.0     30
                           W      542.586207   14.840864  560.0  514.0     29
                 >50       M      508.691667   64.530599  566.0  178.0    120
                           W      443.375000   74.403023  512.0  253.0     24
Nimes18 C        1-5       M      595.000000    1.414214  598.0  594.0      7
                           W      588.800000    1.643168  591.0  587.0      5
                 6-10      M      593.000000    0.000000  593.0  593.0      7
                           W      585.666667    0.816497  587.0  585.0      6
                 11-20     M      592.000000    0.000000  592.0  592.0      8
                           W      582.333333    0.707107  583.0  581.0      9
                 21-50     M      588.137931    2.012889  591.0  586.0     29
                           W      572.281250    4.244422  579.0  566.0     32
                 >50       M      567.073864   18.357722  586.0  476.0    176
                           W      551.547170   16.353741  565.0  480.0     53
        R        1-5       M      594.800000    1.643168  597.0  593.0      5
                           W      586.000000    6.519202  593.0  579.0      5
                 6-10      M      591.000000    1.224745  592.0  589.0      5
                           W      576.000000    2.549510  579.0  573.0      5
                 11-20     M      586.400000    1.173788  588.0  584.0     10
                           W      569.900000    3.107339  572.0  562.0     10
                 21-50     M      575.833333    4.983305  584.0  569.0     30
                           W      539.133333   11.717165  561.0  520.0     30
                 >50       M      510.969466   66.483073  569.0  180.0    131
                           W      459.000000   68.826619  517.0  253.0     30
Nimes19 C        1-5       M      597.500000    0.547723  598.0  597.0      6
                           W      592.800000    0.836660  594.0  592.0      5
                 6-10      M      596.000000    0.000000  596.0  596.0      4
                           W      586.285714    1.603567  589.0  585.0      7
                 11-20     M      594.300000    0.483046  595.0  594.0     10
                           W      582.750000    0.462910  583.0  582.0      8
                 21-50     M      590.033333    1.496740  593.0  588.0     30
                           W      574.466667    3.431430  581.0  570.0     30
                 >50       M      564.518325   24.362578  587.0  360.0    191
                           W      557.714286   13.520293  569.0  490.0     35
        R        1-5       M      595.400000    2.302173  598.0  593.0      5
                           W      588.800000    3.420526  593.0  586.0      5
                 6-10      M      591.200000    0.836660  592.0  590.0      5
                           W      584.600000    1.140175  586.0  583.0      5
                 11-20     M      587.500000    1.779513  590.0  585.0     10
                           W      579.818182    1.834022  583.0  578.0     11
                 21-50     M      578.600000    3.961887  584.0  572.0     30
                           W      561.931034   10.474224  578.0  547.0     29
                 >50       M      523.663265   52.062204  572.0  272.0     98
                           W      486.885714   61.004229  546.0  259.0     35
Nimes20 C        1-5       M      597.400000    1.140175  599.0  596.0      5
                           W      592.200000    2.167948  596.0  591.0      5
                 6-10      M      594.500000    0.547723  595.0  594.0      6
                           W      589.000000    0.894427  590.0  588.0      6
                 11-20     M      592.090909    0.831209  593.0  591.0     11
                           W      583.900000    1.663330  587.0  582.0     10
                 21-50     M      588.433333    1.006302  590.0  587.0     30
                           W      573.344828    4.194178  581.0  566.0     29
                 >50       M      567.231343   16.352744  586.0  475.0    134
                           W      543.837838   59.292830  566.0  249.0     37
        R        1-5       M      592.000000    2.000000  595.0  590.0      5
                           W      586.400000    3.130495  591.0  583.0      5
                 6-10      M      587.600000    0.894427  589.0  587.0      5
                           W      580.333333    1.366260  582.0  579.0      6
                 11-20     M      583.100000    1.286684  586.0  582.0     10
                           W      572.666667    3.464102  578.0  569.0      9
                 21-50     M      575.866667    3.370596  581.0  569.0     30
                           W      548.600000   11.000313  565.0  527.0     30
                 >50       M      512.307692   68.258442  568.0   15.0    117
                           W      450.666667   86.449600  526.0  176.0     21
Nimes21 C        1-5       M      595.333333    1.211060  597.0  594.0      6
                           W      584.200000    4.549725  589.0  577.0      5
                 6-10      M      588.833333    0.983192  590.0  588.0      6
                           W      570.000000    5.244044  576.0  563.0      5
                 11-20     M      584.500000    1.851640  587.0  582.0      8
                           W      549.600000   16.257306  561.0  521.0      5
                 21-50     M      563.416667   12.873216  579.0  539.0     12
                           W             NaN         NaN    NaN    NaN      0
                 >50       M             NaN         NaN    NaN    NaN      0
                           W             NaN         NaN    NaN    NaN      0
        R        1-5       M      589.200000    1.303840  590.0  587.0      5
                           W      573.000000    8.276473  581.0  562.0      5
                 6-10      M      581.800000    3.962323  585.0  577.0      5
                           W      556.400000    2.880972  559.0  552.0      5
                 11-20     M      571.900000    3.754997  576.0  567.0     10
                           W      529.800000   27.502727  551.0  462.0     10
                 21-50     M      510.950000   55.714002  565.0  403.0     20
                           W             NaN         NaN    NaN    NaN      0
                 >50       M             NaN         NaN    NaN    NaN      0
                           W             NaN         NaN    NaN    NaN      0
Nimes22 C        1-5       M      596.200000    1.095445  597.0  595.0      5
                           W      589.600000    0.894427  591.0  589.0      5
                 6-10      M      593.400000    0.547723  594.0  593.0      5
                           W      584.200000    2.774887  588.0  581.0      5
                 11-20     M      590.181818    0.981650  592.0  589.0     11
                           W      575.300000    3.093003  580.0  570.0     10
                 21-50     M      582.551724    2.746247  588.0  579.0     29
                           W      551.750000   18.416085  570.0  481.0     24
                 >50       M      552.766667   43.859702  578.0  283.0     60
                           W             NaN         NaN    NaN    NaN      0
        R        1-5       M      593.400000    2.408319  596.0  590.0      5
                           W      581.600000    3.781534  585.0  577.0      5
                 6-10      M      587.600000    1.341641  589.0  586.0      5
                           W      573.400000    1.949359  575.0  570.0      5
                 11-20     M      582.100000    1.449138  585.0  580.0     10
                           W      562.400000    5.146736  570.0  555.0     10
                 21-50     M      568.933333    7.172425  580.0  557.0     30
                           W      519.566667   26.284496  554.0  458.0     30
                 >50       M      512.571429   45.144156  555.0  344.0     56
                           W      351.000000  147.922760  457.0    7.0      8